#Insight Transform File V1.0
#Transform 0
Transform: AffineTransform_float_3_3
Parameters: 0.999999 0.000696526 0.000281948 -0.000696586 1 0.000106625 -0.0002818 -0.000106375 1 0.0145882 -0.0258281 -0.0171601
FixedParameters: 0 0 0

#Transform 1
Transform: AffineTransform_float_3_3
Parameters: 0.999999 0.000710149 0.000308636 -0.000710149 0.999999 -2.19178e-07 -0.000308636 -2.19178e-07 1 0.0157057 -0.0102581 -0.0164859
FixedParameters: 0 0 0

#Transform 2
Transform: AffineTransform_float_3_3
Parameters: 1 0.000391585 0.000423129 -0.000391731 1 0.000172834 -0.000422994 -0.000173166 1 0.0025618 -0.0141446 -0.0202609
FixedParameters: 0 0 0

#Transform 3
Transform: AffineTransform_float_3_3
Parameters: 1 0.000114851 0.000534586 -0.000114851 1 -6.13975e-08 -0.000534586 -6.13975e-08 1 -0.00233416 -0.0234143 -0.000590613
FixedParameters: 0 0 0

#Transform 4
Transform: AffineTransform_float_3_3
Parameters: 1 0.000311429 0.000345735 -0.000311429 1 -1.07672e-07 -0.000345735 -1.07672e-07 1 0.00363299 -0.0237518 -0.00948064
FixedParameters: 0 0 0

#Transform 5
Transform: AffineTransform_float_3_3
Parameters: 1 0.000353232 0.000172835 -0.000353232 1 -6.10508e-08 -0.000172835 -6.10508e-08 1 0.00129165 -0.00798567 -0.016216
FixedParameters: 0 0 0

#Transform 6
Transform: AffineTransform_float_3_3
Parameters: 1 0.000287249 0.000178332 -0.000287397 1 0.000415949 -0.000178093 -0.000416051 1 0.00568859 -0.0157832 0.00948382
FixedParameters: 0 0 0

#Transform 7
Transform: AffineTransform_float_3_3
Parameters: 1 0.000483422 0.000269963 -0.000483966 1 0.000223869 -0.000270653 -0.000224131 1 0.00073107 -0.0287643 -0.00749801
FixedParameters: 0 0 0

#Transform 8
Transform: AffineTransform_float_3_3
Parameters: 1 0.000359334 0.000162262 -0.000359334 1 -5.83064e-08 -0.000162262 -5.83064e-08 1 0.00178757 -0.0239224 -0.00868503
FixedParameters: 0 0 0

#Transform 9
Transform: AffineTransform_float_3_3
Parameters: 1 0.000253553 0.000219353 -0.000253553 1 -5.56177e-08 -0.000219353 -5.56177e-08 1 -0.00206942 -0.0166965 -0.0120912
FixedParameters: 0 0 0

#Transform 10
Transform: AffineTransform_float_3_3
Parameters: 1 0.000309603 0.000294764 -0.000309751 1 0.000250909 -0.000294609 -0.000251091 1 -0.00320634 -0.0189772 0.0128543
FixedParameters: 0 0 0

#Transform 11
Transform: AffineTransform_float_3_3
Parameters: 1 0.000319939 0.000373817 -0.000320199 1 0.00034788 -0.000373594 -0.000348119 1 -0.00559327 -0.0287774 0.0114278
FixedParameters: 0 0 0

#Transform 12
Transform: AffineTransform_float_3_3
Parameters: 1 0.000261287 0.000313959 -0.000261287 1 -8.20333e-08 -0.000313959 -8.20333e-08 1 -0.00201312 -0.00381764 0.00514614
FixedParameters: 0 0 0

#Transform 13
Transform: AffineTransform_float_3_3
Parameters: 1 0.000309257 0.000270725 -0.000308707 0.999999 0.000656916 -0.000270742 -0.000657083 0.999999 0.00200557 -0.0235397 -0.0112766
FixedParameters: 0 0 0

#Transform 14
Transform: AffineTransform_float_3_3
Parameters: 1 0.000392226 0.000448217 -0.000391513 1 0.000214825 -0.000448471 -0.000215176 1 0.00100406 -0.0231577 0.00219567
FixedParameters: 0 0 0

#Transform 15
Transform: AffineTransform_float_3_3
Parameters: 1 0.000133344 0.000212559 -0.000133442 1 0.000228972 -0.000212498 -0.000229028 1 -0.00412685 -0.0270761 -0.00666965
FixedParameters: 0 0 0

#Transform 16
Transform: AffineTransform_float_3_3
Parameters: 1 0.000226935 9.39005e-05 -0.000227004 1 0.000366979 -9.37339e-05 -0.000367021 1 0.00135486 -0.0179576 0.0093734
FixedParameters: 0 0 0

#Transform 17
Transform: AffineTransform_float_3_3
Parameters: 1 7.00959e-05 0.000365634 -7.03116e-05 1 0.000294974 -0.000365593 -0.000295026 1 -0.00337036 -0.022712 0.0043973
FixedParameters: 0 0 0

#Transform 18
Transform: AffineTransform_float_3_3
Parameters: 1 0.000102206 0.000254666 -0.000102356 1 0.000294974 -0.000254606 -0.000295026 1 -0.00593659 -0.0289127 -0.00818241
FixedParameters: 0 0 0

#Transform 19
Transform: AffineTransform_float_3_3
Parameters: 1 0.000239241 0.000120082 -0.000239227 1 -5.80287e-05 -0.00012011 5.79713e-05 1 0.000795002 -0.0206719 0.000154076
FixedParameters: 0 0 0

#Transform 20
Transform: AffineTransform_float_3_3
Parameters: 1 0.000103795 9.94315e-05 -0.000103784 1 -5.40103e-05 -9.94427e-05 5.39897e-05 1 -0.00111728 -0.00202651 -0.00198509
FixedParameters: 0 0 0

#Transform 21
Transform: AffineTransform_float_3_3
Parameters: 1 -0.000161742 0.00022333 0.000161699 1 9.80361e-05 -0.000223362 -9.79639e-05 1 -0.0100443 -0.0216686 -0.00427747
FixedParameters: 0 0 0

#Transform 22
Transform: AffineTransform_float_3_3
Parameters: 1 -1.30899e-05 0.000153992 1.3125e-05 1 -0.000113998 -0.000153989 0.000114002 1 -0.00505157 -0.0217929 0.00288849
FixedParameters: 0 0 0

#Transform 23
Transform: AffineTransform_float_3_3
Parameters: 1 -0.000168064 0.000226306 0.000168064 1 3.80339e-08 -0.000226306 3.80339e-08 1 -0.00453674 -0.0276986 0.00183368
FixedParameters: 0 0 0

#Transform 24
Transform: AffineTransform_float_3_3
Parameters: 1 -6.02287e-05 0.000175982 6.02287e-05 1 1.05991e-08 -0.000175982 1.05991e-08 1 0.000195205 -0.01904 -0.00220672
FixedParameters: 0 0 0

#Transform 25
Transform: AffineTransform_float_3_3
Parameters: 1 -5.84163e-05 0.000175136 5.84163e-05 1 1.02308e-08 -0.000175136 1.02308e-08 1 0.000688608 -0.0190634 -0.00219587
FixedParameters: 0 0 0

#Transform 26
Transform: AffineTransform_float_3_3
Parameters: 1 -0.000197109 0.0002398 0.000197014 1 0.000199047 -0.000239878 -0.000198953 1 -0.0112519 -0.0137034 0.0171593
FixedParameters: 0 0 0

#Transform 27
Transform: AffineTransform_float_3_3
Parameters: 1 -0.000296793 0.000286303 0.000296689 1 0.000183085 -0.000286412 -0.000182915 1 -0.00487444 -0.0277637 0.0240257
FixedParameters: 0 0 0

#Transform 28
Transform: AffineTransform_float_3_3
Parameters: 1 -0.000238746 0.000259292 0.000238746 1 6.19049e-08 -0.000259292 6.19049e-08 1 -0.0126698 -0.0112232 0.0125873
FixedParameters: 0 0 0

#Transform 29
Transform: AffineTransform_float_3_3
Parameters: 1 -0.000238746 0.000259292 0.000238746 1 6.19049e-08 -0.000259292 6.19049e-08 1 -0.00139885 -0.0307468 0.0212312
FixedParameters: 0 0 0

#Transform 30
Transform: AffineTransform_float_3_3
Parameters: 1 -0.000325677 0.000299958 0.000325801 1 -0.000206902 -0.000299823 0.000207098 1 -0.00835259 -0.0324782 0.0110361
FixedParameters: 0 0 0

#Transform 31
Transform: AffineTransform_float_3_3
Parameters: 1 -0.000286974 0.000155955 0.000286938 1 0.000117045 -0.000156022 -0.000116955 1 -0.00146997 -0.0321572 0.0268112
FixedParameters: 0 0 0

#Transform 32
Transform: AffineTransform_float_3_3
Parameters: 1 -0.000238732 0.000259305 0.000238759 1 -5.19381e-05 -0.00025928 5.20619e-05 1 0.000139891 -0.0152598 0.0422183
FixedParameters: 0 0 0

#Transform 33
Transform: AffineTransform_float_3_3
Parameters: 1 -0.000622558 0.000174615 0.000622533 1 7.21087e-05 -0.000174705 -7.18912e-05 1 -0.0172975 -0.0243423 0.0252982
FixedParameters: 0 0 0

#Transform 34
Transform: AffineTransform_float_3_3
Parameters: 0.999999 -0.00068211 0.000259842 0.00068211 1 1.77241e-07 -0.000259842 1.77241e-07 1 -0.0153532 -0.032241 0.0312071
FixedParameters: 0 0 0

#Transform 35
Transform: AffineTransform_float_3_3
Parameters: 0.999999 -0.000603136 0.000429146 0.000602921 1 0.000250259 -0.000429448 -0.000249741 1 -0.0249031 -0.0145449 0.0135595
FixedParameters: 0 0 0

#Transform 36
Transform: AffineTransform_float_3_3
Parameters: 0.999999 -0.000774094 0.000185632 0.000774447 0.999999 0.000188144 -0.000185017 -0.000187857 1 -0.0111612 -0.0253528 0.0222847
FixedParameters: 0 0 0

#Transform 37
Transform: AffineTransform_float_3_3
Parameters: 0.999999 -0.000603029 0.000429297 0.000603029 1 2.58878e-07 -0.000429297 2.58878e-07 1 -0.0154394 -0.0221953 0.0255444
FixedParameters: 0 0 0

#Transform 38
Transform: AffineTransform_float_3_3
Parameters: 0.999999 -0.000799677 7.80869e-06 0.000800098 1 0.000144827 -7.13367e-06 -0.000144173 1 -0.00655234 -0.0257598 0.024732
FixedParameters: 0 0 0

#Transform 39
Transform: AffineTransform_float_3_3
Parameters: 0.999999 -0.000782776 4.38954e-05 0.000782745 1 0.000352855 -4.44472e-05 -0.000352144 0.999999 -0.00867636 -0.0311439 0.0230753
FixedParameters: 0 0 0

#Transform 40
Transform: AffineTransform_float_3_3
Parameters: 0.999999 -0.000808979 -1.20865e-05 0.000808981 1 9.28114e-05 1.19368e-05 -9.21885e-05 1 -0.00904694 -0.0241233 0.0257784
FixedParameters: 0 0 0

#Transform 41
Transform: AffineTransform_float_3_3
Parameters: 0.999999 -0.000991602 5.78188e-05 0.000991608 0.999999 -5.21215e-05 -5.77146e-05 5.28784e-05 1 -0.0207406 -0.0298518 0.0405951
FixedParameters: 0 0 0

#Transform 42
Transform: AffineTransform_float_3_3
Parameters: 1 -0.00115746 0.000134982 0.00115784 1 0.000151594 -0.000134427 -0.000151407 1 -0.0261696 -0.0153895 0.0433367
FixedParameters: 0 0 0

#Transform 43
Transform: AffineTransform_float_3_3
Parameters: 0.999999 -0.00123066 4.68363e-05 0.00123066 1 -5.04423e-07 -4.68351e-05 4.95576e-07 1 -0.0248519 -0.0366288 0.0546129
FixedParameters: 0 0 0

#Transform 44
Transform: AffineTransform_float_3_3
Parameters: 0.999999 -0.00136658 -2.23029e-05 0.00136659 0.999999 0.000109408 2.20036e-05 -0.000109592 1 -0.0252863 -0.0464744 0.036849
FixedParameters: 0 0 0

#Transform 45
Transform: AffineTransform_float_3_3
Parameters: 0.999999 -0.00146072 -0.000195941 0.00146124 0.999999 0.000236152 0.000196156 -0.000236849 1 -0.0216382 -0.0304674 0.042799
FixedParameters: 0 0 0

#Transform 46
Transform: AffineTransform_float_3_3
Parameters: 0.999999 -0.00127368 3.21844e-05 0.00127366 0.999999 0.000404658 -3.3216e-05 -0.000405341 1 -0.0251865 -0.0286992 0.0554041
FixedParameters: 0 0 0

#Transform 47
Transform: AffineTransform_float_3_3
Parameters: 0.999999 -0.00145249 -5.23595e-06 0.00145249 0.999999 -5.69668e-07 5.23742e-06 4.30331e-07 1 -0.0274508 -0.0331505 0.0759471
FixedParameters: 0 0 0

#Transform 48
Transform: AffineTransform_float_3_3
Parameters: 0.999999 -0.00156047 -0.000244578 0.0015611 0.999999 0.000419056 0.000244175 -0.000419943 1 -0.022064 -0.0427155 0.053206
FixedParameters: 0 0 0

#Transform 49
Transform: AffineTransform_float_3_3
Parameters: 0.999999 -0.00174151 -0.000102959 0.00174204 0.999998 0.00050808 0.000102095 -0.000507919 0.999999 -0.0298553 -0.0719319 0.0494508
FixedParameters: 0 0 0

#Transform 50
Transform: AffineTransform_float_3_3
Parameters: 0.999999 -0.00156758 -0.000183269 0.00156758 0.999999 -8.49352e-07 0.00018327 1.50647e-07 1 -0.0241359 -0.0363335 0.0466248
FixedParameters: 0 0 0

#Transform 51
Transform: AffineTransform_float_3_3
Parameters: 0.999998 -0.00157387 -0.000180773 0.00157397 0.999999 0.000294154 0.000179846 -0.000294845 1 -0.0242986 -0.0457478 0.0402983
FixedParameters: 0 0 0

#Transform 52
Transform: AffineTransform_float_3_3
Parameters: 0.999999 -0.00152037 -0.000205871 0.00152096 0.999999 0.000401125 0.000205556 -0.000401875 1 -0.0281906 -0.0615791 0.0301003
FixedParameters: 0 0 0

#Transform 53
Transform: AffineTransform_float_3_3
Parameters: 0.999999 -0.00140895 -0.000257552 0.00140905 0.999999 0.000195075 0.000257001 -0.000195924 1 -0.0187415 -0.0397163 0.0255239
FixedParameters: 0 0 0

#Transform 54
Transform: AffineTransform_float_3_3
Parameters: 0.999999 -0.00177208 -0.000211267 0.00177274 0.999998 0.000561448 0.000210183 -0.000561552 1 -0.0270581 -0.056366 0.0285277
FixedParameters: 0 0 0

#Transform 55
Transform: AffineTransform_float_3_3
Parameters: 0.999999 -0.0014351 -0.000313974 0.00143442 0.999999 0.000357988 0.000313368 -0.000359012 1 -0.0174924 -0.0550081 0.0257423
FixedParameters: 0 0 0

#Transform 56
Transform: AffineTransform_float_3_3
Parameters: 0.999999 -0.00153211 -0.000200712 0.00153188 0.999998 0.000619131 0.000200143 -0.000619869 0.999999 -0.0304256 -0.0460717 0.0190321
FixedParameters: 0 0 0

#Transform 57
Transform: AffineTransform_float_3_3
Parameters: 0.999998 -0.00154436 -0.000549237 0.00154465 0.999999 0.000696974 0.000548412 -0.000698027 1 -0.0189378 -0.081666 0.0102912
FixedParameters: 0 0 0

#Transform 58
Transform: AffineTransform_float_3_3
Parameters: 0.999998 -0.00163546 -0.000152399 0.00163514 0.999998 0.000517189 0.000152035 -0.000517811 1 -0.0263516 -0.0571126 0.0260884
FixedParameters: 0 0 0

#Transform 59
Transform: AffineTransform_float_3_3
Parameters: 0.999998 -0.001717 -0.000115024 0.00171762 0.999998 0.000892242 0.000112865 -0.000892758 1 -0.0291475 -0.0636473 0.0289089
FixedParameters: 0 0 0

#Transform 60
Transform: AffineTransform_float_3_3
Parameters: 0.999999 -0.0018521 -5.0977e-05 0.00185213 0.999998 0.000268165 4.99843e-05 -0.000267834 0.999999 -0.033591 -0.0681547 0.0469394
FixedParameters: 0 0 0

#Transform 61
Transform: AffineTransform_float_3_3
Parameters: 0.999999 -0.00180585 -7.35148e-05 0.00180548 0.999999 0.000812128 7.19115e-05 -0.000811873 1 -0.0319997 -0.0654151 0.0200517
FixedParameters: 0 0 0

#Transform 62
Transform: AffineTransform_float_3_3
Parameters: 0.999999 -0.00180588 -7.26609e-05 0.00180635 0.999998 0.000339307 7.23408e-05 -0.000339693 1 -0.032015 -0.0590472 0.0454413
FixedParameters: 0 0 0

#Transform 63
Transform: AffineTransform_float_3_3
Parameters: 0.999998 -0.00198715 1.11753e-05 0.00198665 0.999998 0.000682462 -1.25583e-05 -0.000682539 1 -0.0354466 -0.0681129 0.0558689
FixedParameters: 0 0 0

#Transform 64
Transform: AffineTransform_float_3_3
Parameters: 0.999997 -0.00211782 0.000226199 0.00211767 0.999997 0.000319534 -0.000227553 -0.000319464 1 -0.0398524 -0.067518 0.0535464
FixedParameters: 0 0 0

#Transform 65
Transform: AffineTransform_float_3_3
Parameters: 0.999997 -0.00221116 -7.41648e-05 0.00221077 0.999997 0.000659097 7.25798e-05 -0.000658903 1 -0.0339389 -0.0765044 0.0597071
FixedParameters: 0 0 0

#Transform 66
Transform: AffineTransform_float_3_3
Parameters: 0.999998 -0.0022833 -0.000135776 0.00228381 0.999997 0.00031695 0.000135234 -0.000317051 1 -0.0390958 -0.0734546 0.0712731
FixedParameters: 0 0 0

#Transform 67
Transform: AffineTransform_float_3_3
Parameters: 0.999997 -0.00213135 -0.000161127 0.0021311 0.999997 0.000725096 0.000159364 -0.000725904 1 -0.0264663 -0.062655 0.0491434
FixedParameters: 0 0 0

#Transform 68
Transform: AffineTransform_float_3_3
Parameters: 0.999997 -0.00217116 9.69173e-05 0.00217145 0.999997 0.00067365 -9.89358e-05 -0.000673349 1 -0.0376635 -0.0886652 0.0619402
FixedParameters: 0 0 0

#Transform 69
Transform: AffineTransform_float_3_3
Parameters: 0.999998 -0.00229702 -0.000172911 0.00229763 0.999997 0.000543684 0.00017132 -0.000543315 1 -0.031113 -0.0800088 0.0587854
FixedParameters: 0 0 0

#Transform 70
Transform: AffineTransform_float_3_3
Parameters: 0.999997 -0.00222183 -1.17046e-05 0.00222227 0.999997 0.000604414 9.92437e-06 -0.000604586 1 -0.041939 -0.0755583 0.0587613
FixedParameters: 0 0 0

#Transform 71
Transform: AffineTransform_float_3_3
Parameters: 0.999997 -0.00217113 9.76001e-05 0.00217148 0.999998 0.000359088 -9.82529e-05 -0.000358911 0.999999 -0.0443233 -0.0837793 0.0702019
FixedParameters: 0 0 0

#Transform 72
Transform: AffineTransform_float_3_3
Parameters: 0.999997 -0.00215132 0.000139409 0.00215154 0.999997 0.00072574 -0.000141625 -0.000725259 1 -0.0453286 -0.0645436 0.0880977
FixedParameters: 0 0 0

#Transform 73
Transform: AffineTransform_float_3_3
Parameters: 0.999998 -0.00224816 8.34688e-05 0.0022485 0.999997 0.000533064 -8.49594e-05 -0.000532934 0.999999 -0.0376018 -0.0870414 0.0886165
FixedParameters: 0 0 0

#Transform 74
Transform: AffineTransform_float_3_3
Parameters: 0.999998 -0.00222774 -2.492e-05 0.00222863 0.999997 0.000840205 2.29891e-05 -0.000839794 1 -0.041473 -0.106076 0.0759828
FixedParameters: 0 0 0

#Transform 75
Transform: AffineTransform_float_3_3
Parameters: 0.999997 -0.00245547 -8.92209e-05 0.00245551 0.999997 0.000575659 8.86275e-05 -0.000576344 1 -0.033623 -0.113286 0.078196
FixedParameters: 0 0 0

#Transform 76
Transform: AffineTransform_float_3_3
Parameters: 0.999996 -0.00260872 0.000195022 0.0026089 0.999997 0.000611208 -0.000197301 -0.00060979 1 -0.0476851 -0.0794701 0.0784825
FixedParameters: 0 0 0

#Transform 77
Transform: AffineTransform_float_3_3
Parameters: 0.999997 -0.00243183 0.000316273 0.00243219 0.999997 0.000777648 -0.00031824 -0.000776353 1 -0.042022 -0.115029 0.0890083
FixedParameters: 0 0 0

#Transform 78
Transform: AffineTransform_float_3_3
Parameters: 0.999997 -0.00235201 0.000279556 0.00235162 0.999997 0.000592152 -0.000280105 -0.00059185 0.999999 -0.0394112 -0.102028 0.0705132
FixedParameters: 0 0 0

#Transform 79
Transform: AffineTransform_float_3_3
Parameters: 0.999996 -0.0026073 0.000126761 0.00260705 0.999996 0.000725209 -0.000128307 -0.000724792 1 -0.038108 -0.0941804 0.0918619
FixedParameters: 0 0 0

#Transform 80
Transform: AffineTransform_float_3_3
Parameters: 0.999996 -0.00256124 0.000226019 0.00256141 0.999997 0.000549457 -0.000227925 -0.000548542 1 -0.0417151 -0.118832 0.11536
FixedParameters: 0 0 0

#Transform 81
Transform: AffineTransform_float_3_3
Parameters: 0.999997 -0.00272848 -0.000133398 0.00272862 0.999996 0.000724336 0.00013168 -0.000724665 1 -0.0312567 -0.107903 0.104256
FixedParameters: 0 0 0

#Transform 82
Transform: AffineTransform_float_3_3
Parameters: 0.999997 -0.00250343 0.000349756 0.00250286 0.999996 0.000725933 -0.000351152 -0.000725069 1 -0.042709 -0.107357 0.0933748
FixedParameters: 0 0 0

#Transform 83
Transform: AffineTransform_float_3_3
Parameters: 0.999997 -0.00250322 0.000351231 0.00250355 0.999997 0.000136551 -0.000351008 -0.00013645 1 -0.0360389 -0.108862 0.117097
FixedParameters: 0 0 0

#Transform 84
Transform: AffineTransform_float_3_3
Parameters: 0.999996 -0.00260393 0.000133852 0.00260366 0.999996 0.000787048 -0.000135713 -0.000785952 1 -0.0365997 -0.107284 0.103214
FixedParameters: 0 0 0

#Transform 85
Transform: AffineTransform_float_3_3
Parameters: 0.999996 -0.00256631 0.000215126 0.00256691 0.999997 0.00055543 -0.000216163 -0.000554571 1 -0.0414521 -0.131426 0.130696
FixedParameters: 0 0 0

#Transform 86
Transform: AffineTransform_float_3_3
Parameters: 0.999997 -0.00240078 0.000228943 0.00240035 0.999997 0.000801607 -0.000230556 -0.000801394 1 -0.0302514 -0.125605 0.114633
FixedParameters: 0 0 0

#Transform 87
Transform: AffineTransform_float_3_3
Parameters: 0.999997 -0.00267148 -1.10236e-05 0.00267144 0.999996 0.000724849 9.38526e-06 -0.000725152 1 -0.033614 -0.138986 0.122817
FixedParameters: 0 0 0

#Transform 88
Transform: AffineTransform_float_3_3
Parameters: 0.999996 -0.0025866 0.000171381 0.00258589 0.999996 0.000647321 -0.000173398 -0.000646678 1 -0.0391546 -0.123129 0.122247
FixedParameters: 0 0 0

#Transform 89
Transform: AffineTransform_float_3_3
Parameters: 0.999996 -0.00257481 0.000196257 0.00257442 0.999996 0.000843384 -0.000198362 -0.000842616 1 -0.0325819 -0.140288 0.124216
FixedParameters: 0 0 0

#Transform 90
Transform: AffineTransform_float_3_3
Parameters: 0.999997 -0.00250343 0.000349756 0.00250377 0.999996 0.000725933 -0.000351576 -0.000725068 1 -0.0359719 -0.135521 0.117996
FixedParameters: 0 0 0

#Transform 91
Transform: AffineTransform_float_3_3
Parameters: 0.999996 -0.00262758 8.26513e-05 0.00262779 0.999996 0.000953096 -8.45182e-05 -0.000952905 1 -0.0300357 -0.138979 0.142508
FixedParameters: 0 0 0

#Transform 92
Transform: AffineTransform_float_3_3
Parameters: 0.999997 -0.00267894 0.000112695 0.00267871 0.999996 0.00072518 -0.000114344 -0.00072482 1 -0.0317975 -0.140106 0.147997
FixedParameters: 0 0 0

#Transform 93
Transform: AffineTransform_float_3_3
Parameters: 0.999996 -0.00256695 0.000211491 0.00256705 0.999995 0.00161842 -0.000215751 -0.00161758 0.999999 -0.0328939 -0.164934 0.138001
FixedParameters: 0 0 0

#Transform 94
Transform: AffineTransform_float_3_3
Parameters: 0.999996 -0.00280328 0.00012759 0.00280394 0.999996 0.000724854 -0.000129843 -0.000725147 1 -0.0347106 -0.164495 0.156491
FixedParameters: 0 0 0

#Transform 95
Transform: AffineTransform_float_3_3
Parameters: 0.999997 -0.00268473 0.00034556 0.00268464 0.999995 0.00125042 -0.000348224 -0.00124958 0.999999 -0.0391999 -0.150027 0.133947
FixedParameters: 0 0 0

#Transform 96
Transform: AffineTransform_float_3_3
Parameters: 0.999996 -0.00288442 -4.40107e-05 0.00288441 0.999996 0.000652011 4.24847e-05 -0.000651991 1 -0.0308758 -0.155656 0.172006
FixedParameters: 0 0 0

#Transform 97
Transform: AffineTransform_float_3_3
Parameters: 0.999996 -0.00274889 0.000115334 0.00274898 0.999996 0.00117564 -0.000118655 -0.00117536 0.999999 -0.0385743 -0.149602 0.156145
FixedParameters: 0 0 0

#Transform 98
Transform: AffineTransform_float_3_3
Parameters: 0.999995 -0.00292266 0.000171556 0.0029227 0.999995 0.000927819 -0.000173836 -0.000927182 0.999999 -0.0382776 -0.180938 0.153737
FixedParameters: 0 0 0

#Transform 99
Transform: AffineTransform_float_3_3
Parameters: 0.999996 -0.00303604 -0.00034769 0.0030363 0.999995 0.00115247 0.000344253 -0.00115353 0.999999 -0.0283949 -0.150095 0.168256
FixedParameters: 0 0 0
